-652778876
71881649
635706469
807583861
66673093
96778957
1153671876
158615194
-624722997
-444996087
562841212
-1130433002
324255995
-1326047145
761414918
-403698845
361728640
688359498
-1453081267
508769021
-1572848458
210773153
-357832012
-1553448431
-902521909
-366629340
304122974
1668236916
-519516509
-1811701069
-703071064
768680406
1353788412
1000535451
-271926022
582624310
637679059
-341053141
-1536460353
-778085992
-1926076667
-181658233
1441581745
-1092714762
-705120456
1766015163
707539801
624153203
-1279985413
-1340617710
-1934743594
2076193494
1698526763
437537448
2140084700
-166903243
62877336
510960958
-2012622337
807698416
248929513
591613773
842242353
279547361
802694588
-1001148067
580056713
-1657334575
1301452049
-909613930
-348256954
-1119814611
915983848
1619596183
427403026
1555425528
419794983
-923462522
1889736330
-456837117
-1920894783
-10678169
197238269
-439490724
1722458133
-543208527
817264243
349053699
-1611842925
-957914082
1256002289
1609722083
1974673317
-1521772606
-1756472325
73299968
-825599285
168749407
522035034
-633766164
